2.8000000000000003 3.1999999999999997 17.8 3.1999999999999997 29
2.9000000000000004 3.0999999999999996 17.9 3.0999999999999996 30
3.0 3.0 18.0 3.0 31
3.1 2.9 18.1 2.9 32
3.2 2.8 18.2 2.8 33
3.3000000000000003 2.6999999999999997 18.3 2.6999999999999997 34
3.4000000000000004 2.5999999999999996 18.4 2.5999999999999996 35
3.5 2.5 18.5 2.5 36
3.6 2.4 18.6 2.4 37
3.7 2.3 18.7 2.3 38
3.8000000000000003 2.1999999999999997 18.8 2.1999999999999997 39
3.9000000000000004 2.0999999999999996 18.9 2.0999999999999996 40
4.0 2.0 19.0 2.0 41