0.0 6.0 15.0 6.0 1
0.1 5.9 15.1 5.9 2
0.2 5.8 15.2 5.8 3
0.30000000000000004 5.7 15.3 5.7 4
0.4 5.6 15.4 5.6 5
0.5 5.5 15.5 5.5 6
0.6000000000000001 5.4 15.6 5.4 7
0.7000000000000001 5.3 15.7 5.3 8
0.8 5.2 15.8 5.2 9
0.9 5.1 15.9 5.1 10
1.0 5.0 16.0 5.0 11
1.1 4.9 16.1 4.9 12
1.2000000000000002 4.8 16.2 4.8 13
1.3 4.7 16.3 4.7 14
1.4000000000000001 4.6 16.4 4.6 15
1.5 4.5 16.5 4.5 16
1.6 4.4 16.6 4.4 17
1.7000000000000002 4.3 16.7 4.3 18
1.8 4.2 16.8 4.2 19
1.9000000000000001 4.1 16.9 4.1 20
2.0 4.0 17.0 4.0 21
2.1 3.9 17.1 3.9 22
2.2 3.8 17.2 3.8 23
2.3000000000000003 3.6999999999999997 17.3 3.6999999999999997 24
2.4000000000000004 3.5999999999999996 17.4 3.5999999999999996 25
2.5 3.5 17.5 3.5 26
2.6 3.4 17.6 3.4 27
2.7 3.3 17.7 3.3 28
2.8000000000000003 3.1999999999999997 17.8 3.1999999999999997 29
2.9000000000000004 3.0999999999999996 17.9 3.0999999999999996 30
3.0 3.0 18.0 3.0 31
3.1 2.9 18.1 2.9 32
3.2 2.8 18.2 2.8 33
3.3000000000000003 2.6999999999999997 18.3 2.6999999999999997 34
3.4000000000000004 2.5999999999999996 18.4 2.5999999999999996 35
3.5 2.5 18.5 2.5 36
3.6 2.4 18.6 2.4 37
3.7 2.3 18.7 2.3 38
3.8000000000000003 2.1999999999999997 18.8 2.1999999999999997 39
3.9000000000000004 2.0999999999999996 18.9 2.0999999999999996 40
4.0 2.0 19.0 2.0 41
4.1000000000000005 1.8999999999999995 19.1 1.8999999999999995 42
4.2 1.7999999999999998 19.2 1.7999999999999998 43
4.3 1.7000000000000002 19.3 1.7000000000000002 44
4.4 1.5999999999999996 19.4 1.5999999999999996 45
4.5 1.5 19.5 1.5 46
4.6000000000000005 1.3999999999999995 19.6 1.3999999999999995 47
4.7 1.2999999999999998 19.7 1.2999999999999998 48
4.800000000000001 1.1999999999999993 19.8 1.1999999999999993 49
4.9 1.0999999999999996 19.9 1.0999999999999996 50
5.0 1.0 20.0 1.0 51
5.1000000000000005 0.8999999999999995 20.1 0.8999999999999995 52
5.2 0.7999999999999998 20.2 0.7999999999999998 53
5.300000000000001 0.6999999999999993 20.3 0.6999999999999993 54
5.4 0.5999999999999996 20.4 0.5999999999999996 55
5.5 0.5 20.5 0.5 56
5.6000000000000005 0.39999999999999947 20.6 0.39999999999999947 57
5.7 0.2999999999999998 20.7 0.2999999999999998 58
5.800000000000001 0.1999999999999993 20.8 0.1999999999999993 59
5.9 0.09999999999999964 20.9 0.09999999999999964 60
6.0 0.0 21.0 0.0 61
6.1000000000000005 -0.10000000000000053 21.1 -0.10000000000000053 62
6.2 -0.20000000000000018 21.2 -0.20000000000000018 63
6.300000000000001 -0.3000000000000007 21.3 -0.3000000000000007 64
6.4 -0.40000000000000036 21.4 -0.40000000000000036 65
6.5 -0.5 21.5 -0.5 66
6.6000000000000005 -0.6000000000000005 21.6 -0.6000000000000005 67
6.7 -0.7000000000000002 21.7 -0.7000000000000002 68
6.800000000000001 -0.8000000000000007 21.8 -0.8000000000000007 69
6.9 -0.9000000000000004 21.9 -0.9000000000000004 70
7.0 -1.0 22.0 -1.0 71
7.1000000000000005 -1.1000000000000005 22.1 -1.1000000000000005 72
7.2 -1.2000000000000002 22.2 -1.2000000000000002 73
7.300000000000001 -1.3000000000000007 22.3 -1.3000000000000007 74
7.4 -1.4000000000000004 22.4 -1.4000000000000004 75
7.5 -1.5 22.5 -1.5 76
7.6000000000000005 -1.6000000000000005 22.6 -1.6000000000000005 77
7.7 -1.7000000000000002 22.7 -1.7000000000000002 78
7.800000000000001 -1.8000000000000007 22.8 -1.8000000000000007 79
7.9 -1.9000000000000004 22.9 -1.9000000000000004 80
8.0 -2.0 23.0 -2.0 81
8.1 -2.0999999999999996 23.1 -2.0999999999999996 82
8.200000000000001 -2.200000000000001 23.200000000000003 -2.200000000000001 83
8.3 -2.3000000000000007 23.3 -2.3000000000000007 84
8.4 -2.4000000000000004 23.4 -2.4000000000000004 85
8.5 -2.5 23.5 -2.5 86
8.6 -2.5999999999999996 23.6 -2.5999999999999996 87
8.700000000000001 -2.700000000000001 23.700000000000003 -2.700000000000001 88
8.8 -2.8000000000000007 23.8 -2.8000000000000007 89
8.9 -2.9000000000000004 23.9 -2.9000000000000004 90
9.0 -3.0 24.0 -3.0 91
9.1 -3.0999999999999996 24.1 -3.0999999999999996 92
9.200000000000001 -3.200000000000001 24.200000000000003 -3.200000000000001 93
9.3 -3.3000000000000007 24.3 -3.3000000000000007 94
9.4 -3.4000000000000004 24.4 -3.4000000000000004 95
9.5 -3.5 24.5 -3.5 96
9.600000000000001 -3.6000000000000014 24.6 -3.6000000000000014 97
9.700000000000001 -3.700000000000001 24.700000000000003 -3.700000000000001 98
9.8 -3.8000000000000007 24.8 -3.8000000000000007 99
9.9 -3.9000000000000004 24.9 -3.9000000000000004 100
10.0 -4.0 25.0 -4.0 101
10.100000000000001 -4.100000000000001 25.1 -4.100000000000001 102
10.200000000000001 -4.200000000000001 25.200000000000003 -4.200000000000001 103
10.3 -4.300000000000001 25.3 -4.300000000000001 104
10.4 -4.4 25.4 -4.4 105
10.5 -4.5 25.5 -4.5 106
10.600000000000001 -4.600000000000001 25.6 -4.600000000000001 107
10.700000000000001 -4.700000000000001 25.700000000000003 -4.700000000000001 108
10.8 -4.800000000000001 25.8 -4.800000000000001 109
10.9 -4.9 25.9 -4.9 110
11.0 -5.0 26.0 -5.0 111
11.100000000000001 -5.100000000000001 26.1 -5.100000000000001 112
11.200000000000001 -5.200000000000001 26.200000000000003 -5.200000000000001 113
11.3 -5.300000000000001 26.3 -5.300000000000001 114
11.4 -5.4 26.4 -5.4 115
11.5 -5.5 26.5 -5.5 116
11.600000000000001 -5.600000000000001 26.6 -5.600000000000001 117
11.700000000000001 -5.700000000000001 26.700000000000003 -5.700000000000001 118
11.8 -5.800000000000001 26.8 -5.800000000000001 119
11.9 -5.9 26.9 -5.9 120
12.0 -6.0 27.0 -6.0 121
12.100000000000001 -6.100000000000001 27.1 -6.100000000000001 122
12.200000000000001 -6.200000000000001 27.200000000000003 -6.200000000000001 123
12.3 -6.300000000000001 27.3 -6.300000000000001 124
12.4 -6.4 27.4 -6.4 125
12.5 -6.5 27.5 -6.5 126
12.600000000000001 -6.600000000000001 27.6 -6.600000000000001 127
12.700000000000001 -6.700000000000001 27.700000000000003 -6.700000000000001 128
12.8 -6.800000000000001 27.8 -6.800000000000001 129
12.9 -6.9 27.9 -6.9 130
13.0 -7.0 28.0 -7.0 131
13.100000000000001 -7.100000000000001 28.1 -7.100000000000001 132
13.200000000000001 -7.200000000000001 28.200000000000003 -7.200000000000001 133
13.3 -7.300000000000001 28.3 -7.300000000000001 134
13.4 -7.4 28.4 -7.4 135
13.5 -7.5 28.5 -7.5 136
13.600000000000001 -7.600000000000001 28.6 -7.600000000000001 137
13.700000000000001 -7.700000000000001 28.700000000000003 -7.700000000000001 138
13.8 -7.800000000000001 28.8 -7.800000000000001 139
13.9 -7.9 28.9 -7.9 140
14.0 -8.0 29.0 -8.0 141
14.100000000000001 -8.100000000000001 29.1 -8.100000000000001 142
14.200000000000001 -8.200000000000001 29.200000000000003 -8.200000000000001 143
14.3 -8.3 29.3 -8.3 144
14.4 -8.4 29.4 -8.4 145
14.5 -8.5 29.5 -8.5 146
14.600000000000001 -8.600000000000001 29.6 -8.600000000000001 147
14.700000000000001 -8.700000000000001 29.700000000000003 -8.700000000000001 148
14.8 -8.8 29.8 -8.8 149
14.9 -8.9 29.9 -8.9 150
15.0 -9.0 30.0 -9.0 151
15.100000000000001 -9.100000000000001 30.1 -9.100000000000001 152
15.200000000000001 -9.200000000000001 30.200000000000003 -9.200000000000001 153
15.3 -9.3 30.3 -9.3 154
15.4 -9.4 30.4 -9.4 155
15.5 -9.5 30.5 -9.5 156
15.600000000000001 -9.600000000000001 30.6 -9.600000000000001 157
15.700000000000001 -9.700000000000001 30.700000000000003 -9.700000000000001 158
15.8 -9.8 30.8 -9.8 159
15.9 -9.9 30.9 -9.9 160
16.0 -10.0 31.0 -10.0 161
16.1 -10.100000000000001 31.1 -10.100000000000001 162
16.2 -10.2 31.2 -10.2 163
16.3 -10.3 31.3 -10.3 164
16.400000000000002 -10.400000000000002 31.400000000000002 -10.400000000000002 165
16.5 -10.5 31.5 -10.5 166
16.6 -10.600000000000001 31.6 -10.600000000000001 167
16.7 -10.7 31.7 -10.7 168
16.8 -10.8 31.8 -10.8 169
16.900000000000002 -10.900000000000002 31.900000000000002 -10.900000000000002 170
17.0 -11.0 32.0 -11.0 171
17.1 -11.100000000000001 32.1 -11.100000000000001 172
17.2 -11.2 32.2 -11.2 173
17.3 -11.3 32.3 -11.3 174
17.400000000000002 -11.400000000000002 32.400000000000006 -11.400000000000002 175
17.5 -11.5 32.5 -11.5 176
17.6 -11.600000000000001 32.6 -11.600000000000001 177
17.7 -11.7 32.7 -11.7 178
17.8 -11.8 32.8 -11.8 179
17.900000000000002 -11.900000000000002 32.900000000000006 -11.900000000000002 180
18.0 -12.0 33.0 -12.0 181
18.1 -12.100000000000001 33.1 -12.100000000000001 182
18.2 -12.2 33.2 -12.2 183
18.3 -12.3 33.3 -12.3 184
18.400000000000002 -12.400000000000002 33.400000000000006 -12.400000000000002 185
18.5 -12.5 33.5 -12.5 186
18.6 -12.600000000000001 33.6 -12.600000000000001 187
18.7 -12.7 33.7 -12.7 188
18.8 -12.8 33.8 -12.8 189
18.900000000000002 -12.900000000000002 33.900000000000006 -12.900000000000002 190
19.0 -13.0 34.0 -13.0 191
19.1 -13.100000000000001 34.1 -13.100000000000001 192
19.200000000000003 -13.200000000000003 34.2 -13.200000000000003 193
19.3 -13.3 34.3 -13.3 194
19.400000000000002 -13.400000000000002 34.400000000000006 -13.400000000000002 195
19.5 -13.5 34.5 -13.5 196
19.6 -13.600000000000001 34.6 -13.600000000000001 197
19.700000000000003 -13.700000000000003 34.7 -13.700000000000003 198
19.8 -13.8 34.8 -13.8 199
19.900000000000002 -13.900000000000002 34.900000000000006 -13.900000000000002 200
20.0 -14.0 35.0 -14.0 201
20.1 -14.100000000000001 35.1 -14.100000000000001 202
20.200000000000003 -14.200000000000003 35.2 -14.200000000000003 203
20.3 -14.3 35.3 -14.3 204
20.400000000000002 -14.400000000000002 35.400000000000006 -14.400000000000002 205
20.5 -14.5 35.5 -14.5 206
20.6 -14.600000000000001 35.6 -14.600000000000001 207
20.700000000000003 -14.700000000000003 35.7 -14.700000000000003 208
20.8 -14.8 35.8 -14.8 209
20.900000000000002 -14.900000000000002 35.900000000000006 -14.900000000000002 210
21.0 -15.0 36.0 -15.0 211
21.1 -15.100000000000001 36.1 -15.100000000000001 212
21.200000000000003 -15.200000000000003 36.2 -15.200000000000003 213
21.3 -15.3 36.3 -15.3 214
21.400000000000002 -15.400000000000002 36.400000000000006 -15.400000000000002 215
21.5 -15.5 36.5 -15.5 216
21.6 -15.600000000000001 36.6 -15.600000000000001 217
21.700000000000003 -15.700000000000003 36.7 -15.700000000000003 218
21.8 -15.8 36.8 -15.8 219
21.900000000000002 -15.900000000000002 36.900000000000006 -15.900000000000002 220
22.0 -16.0 37.0 -16.0 221
22.1 -16.1 37.1 -16.1 222
22.200000000000003 -16.200000000000003 37.2 -16.200000000000003 223
22.3 -16.3 37.3 -16.3 224
22.400000000000002 -16.400000000000002 37.400000000000006 -16.400000000000002 225
22.5 -16.5 37.5 -16.5 226
22.6 -16.6 37.6 -16.6 227
22.700000000000003 -16.700000000000003 37.7 -16.700000000000003 228
22.8 -16.8 37.8 -16.8 229
22.900000000000002 -16.900000000000002 37.900000000000006 -16.900000000000002 230
23.0 -17.0 38.0 -17.0 231
23.1 -17.1 38.1 -17.1 232
23.200000000000003 -17.200000000000003 38.2 -17.200000000000003 233
23.3 -17.3 38.3 -17.3 234
23.400000000000002 -17.400000000000002 38.400000000000006 -17.400000000000002 235
23.5 -17.5 38.5 -17.5 236
23.6 -17.6 38.6 -17.6 237
23.700000000000003 -17.700000000000003 38.7 -17.700000000000003 238
23.8 -17.8 38.8 -17.8 239
23.900000000000002 -17.900000000000002 38.900000000000006 -17.900000000000002 240
24.0 -18.0 39.0 -18.0 241
24.1 -18.1 39.1 -18.1 242
24.200000000000003 -18.200000000000003 39.2 -18.200000000000003 243
24.3 -18.3 39.3 -18.3 244
24.400000000000002 -18.400000000000002 39.400000000000006 -18.400000000000002 245
24.5 -18.5 39.5 -18.5 246
24.6 -18.6 39.6 -18.6 247
24.700000000000003 -18.700000000000003 39.7 -18.700000000000003 248
24.8 -18.8 39.8 -18.8 249
24.900000000000002 -18.900000000000002 39.900000000000006 -18.900000000000002 250
25.0 -19.0 40.0 -19.0 251
25.1 -19.1 40.1 -19.1 252
25.200000000000003 -19.200000000000003 40.2 -19.200000000000003 253
25.3 -19.3 40.3 -19.3 254
25.400000000000002 -19.400000000000002 40.400000000000006 -19.400000000000002 255
25.5 -19.5 40.5 -19.5 256
25.6 -19.6 40.6 -19.6 257
25.700000000000003 -19.700000000000003 40.7 -19.700000000000003 258
25.8 -19.8 40.8 -19.8 259
25.900000000000002 -19.900000000000002 40.900000000000006 -19.900000000000002 260
26.0 -20.0 41.0 -20.0 261
26.1 -20.1 41.1 -20.1 262
26.200000000000003 -20.200000000000003 41.2 -20.200000000000003 263
26.3 -20.3 41.3 -20.3 264
26.400000000000002 -20.400000000000002 41.400000000000006 -20.400000000000002 265
26.5 -20.5 41.5 -20.5 266
26.6 -20.6 41.6 -20.6 267
26.700000000000003 -20.700000000000003 41.7 -20.700000000000003 268
26.8 -20.8 41.8 -20.8 269
26.900000000000002 -20.900000000000002 41.900000000000006 -20.900000000000002 270
27.0 -21.0 42.0 -21.0 271
27.1 -21.1 42.1 -21.1 272
27.200000000000003 -21.200000000000003 42.2 -21.200000000000003 273
27.3 -21.3 42.3 -21.3 274
27.400000000000002 -21.400000000000002 42.400000000000006 -21.400000000000002 275
27.5 -21.5 42.5 -21.5 276
27.6 -21.6 42.6 -21.6 277
27.700000000000003 -21.700000000000003 42.7 -21.700000000000003 278
27.8 -21.8 42.8 -21.8 279
27.900000000000002 -21.900000000000002 42.900000000000006 -21.900000000000002 280
28.0 -22.0 43.0 -22.0 281
28.1 -22.1 43.1 -22.1 282
28.200000000000003 -22.200000000000003 43.2 -22.200000000000003 283
28.3 -22.3 43.3 -22.3 284
28.400000000000002 -22.400000000000002 43.400000000000006 -22.400000000000002 285
28.5 -22.5 43.5 -22.5 286
28.6 -22.6 43.6 -22.6 287
28.700000000000003 -22.700000000000003 43.7 -22.700000000000003 288
28.8 -22.8 43.8 -22.8 289
28.900000000000002 -22.900000000000002 43.900000000000006 -22.900000000000002 290
29.0 -23.0 44.0 -23.0 291
29.1 -23.1 44.1 -23.1 292
29.200000000000003 -23.200000000000003 44.2 -23.200000000000003 293
29.3 -23.3 44.3 -23.3 294
29.400000000000002 -23.400000000000002 44.400000000000006 -23.400000000000002 295
29.5 -23.5 44.5 -23.5 296
29.6 -23.6 44.6 -23.6 297
29.700000000000003 -23.700000000000003 44.7 -23.700000000000003 298
29.8 -23.8 44.8 -23.8 299
29.900000000000002 -23.900000000000002 44.900000000000006 -23.900000000000002 300
30.0 -24.0 45.0 -24.0 301
30.1 -24.1 45.1 -24.1 302
30.200000000000003 -24.200000000000003 45.2 -24.200000000000003 303
30.3 -24.3 45.3 -24.3 304
30.400000000000002 -24.400000000000002 45.400000000000006 -24.400000000000002 305
30.5 -24.5 45.5 -24.5 306
30.6 -24.6 45.6 -24.6 307
30.700000000000003 -24.700000000000003 45.7 -24.700000000000003 308
30.8 -24.8 45.8 -24.8 309
30.900000000000002 -24.900000000000002 45.900000000000006 -24.900000000000002 310
31.0 -25.0 46.0 -25.0 311
31.1 -25.1 46.1 -25.1 312
31.200000000000003 -25.200000000000003 46.2 -25.200000000000003 313
31.3 -25.3 46.3 -25.3 314
31.400000000000002 -25.400000000000002 46.400000000000006 -25.400000000000002 315
31.5 -25.5 46.5 -25.5 316
31.6 -25.6 46.6 -25.6 317
31.700000000000003 -25.700000000000003 46.7 -25.700000000000003 318
31.8 -25.8 46.8 -25.8 319
31.900000000000002 -25.900000000000002 46.900000000000006 -25.900000000000002 320
32.0 -26.0 47.0 -26.0 321
32.1 -26.1 47.1 -26.1 322
32.2 -26.200000000000003 47.2 -26.200000000000003 323
32.300000000000004 -26.300000000000004 47.300000000000004 -26.300000000000004 324
32.4 -26.4 47.4 -26.4 325
32.5 -26.5 47.5 -26.5 326
32.6 -26.6 47.6 -26.6 327
32.7 -26.700000000000003 47.7 -26.700000000000003 328
32.800000000000004 -26.800000000000004 47.800000000000004 -26.800000000000004 329
32.9 -26.9 47.9 -26.9 330
33.0 -27.0 48.0 -27.0 331
33.1 -27.1 48.1 -27.1 332
33.2 -27.200000000000003 48.2 -27.200000000000003 333
33.300000000000004 -27.300000000000004 48.300000000000004 -27.300000000000004 334
33.4 -27.4 48.4 -27.4 335
33.5 -27.5 48.5 -27.5 336
33.6 -27.6 48.6 -27.6 337
33.7 -27.700000000000003 48.7 -27.700000000000003 338
33.800000000000004 -27.800000000000004 48.800000000000004 -27.800000000000004 339
33.9 -27.9 48.9 -27.9 340
34.0 -28.0 49.0 -28.0 341
34.1 -28.1 49.1 -28.1 342
34.2 -28.200000000000003 49.2 -28.200000000000003 343
34.300000000000004 -28.300000000000004 49.300000000000004 -28.300000000000004 344
34.4 -28.4 49.4 -28.4 345
34.5 -28.5 49.5 -28.5 346
34.6 -28.6 49.6 -28.6 347
34.7 -28.700000000000003 49.7 -28.700000000000003 348
34.800000000000004 -28.800000000000004 49.800000000000004 -28.800000000000004 349
34.9 -28.9 49.9 -28.9 350
35.0 -29.0 50.0 -29.0 351
35.1 -29.1 50.1 -29.1 352
35.2 -29.200000000000003 50.2 -29.200000000000003 353
35.300000000000004 -29.300000000000004 50.300000000000004 -29.300000000000004 354
35.4 -29.4 50.4 -29.4 355
35.5 -29.5 50.5 -29.5 356
35.6 -29.6 50.6 -29.6 357
35.7 -29.700000000000003 50.7 -29.700000000000003 358
35.800000000000004 -29.800000000000004 50.800000000000004 -29.800000000000004 359
35.9 -29.9 50.9 -29.9 360
36.0 -30.0 51.0 -30.0 361
36.1 -30.1 51.1 -30.1 362
36.2 -30.200000000000003 51.2 -30.200000000000003 363
36.300000000000004 -30.300000000000004 51.300000000000004 -30.300000000000004 364
36.4 -30.4 51.4 -30.4 365
36.5 -30.5 51.5 -30.5 366
36.6 -30.6 51.6 -30.6 367
36.7 -30.700000000000003 51.7 -30.700000000000003 368
36.800000000000004 -30.800000000000004 51.800000000000004 -30.800000000000004 369
36.9 -30.9 51.9 -30.9 370
37.0 -31.0 52.0 -31.0 371
37.1 -31.1 52.1 -31.1 372
37.2 -31.200000000000003 52.2 -31.200000000000003 373
37.300000000000004 -31.300000000000004 52.300000000000004 -31.300000000000004 374
37.4 -31.4 52.4 -31.4 375
37.5 -31.5 52.5 -31.5 376
37.6 -31.6 52.6 -31.6 377
37.7 -31.700000000000003 52.7 -31.700000000000003 378
37.800000000000004 -31.800000000000004 52.800000000000004 -31.800000000000004 379
37.9 -31.9 52.9 -31.9 380
38.0 -32.0 53.0 -32.0 381
38.1 -32.1 53.1 -32.1 382
38.2 -32.2 53.2 -32.2 383
38.300000000000004 -32.300000000000004 53.300000000000004 -32.300000000000004 384
38.400000000000006 -32.400000000000006 53.400000000000006 -32.400000000000006 385
38.5 -32.5 53.5 -32.5 386
38.6 -32.6 53.6 -32.6 387
38.7 -32.7 53.7 -32.7 388
38.800000000000004 -32.800000000000004 53.800000000000004 -32.800000000000004 389
38.900000000000006 -32.900000000000006 53.900000000000006 -32.900000000000006 390
39.0 -33.0 54.0 -33.0 391
39.1 -33.1 54.1 -33.1 392
39.2 -33.2 54.2 -33.2 393
39.300000000000004 -33.300000000000004 54.300000000000004 -33.300000000000004 394
39.400000000000006 -33.400000000000006 54.400000000000006 -33.400000000000006 395
39.5 -33.5 54.5 -33.5 396
39.6 -33.6 54.6 -33.6 397
39.7 -33.7 54.7 -33.7 398
39.800000000000004 -33.800000000000004 54.800000000000004 -33.800000000000004 399
39.900000000000006 -33.900000000000006 54.900000000000006 -33.900000000000006 400
40.0 -34.0 55.0 -34.0 401
40.1 -34.1 55.1 -34.1 402
40.2 -34.2 55.2 -34.2 403
40.300000000000004 -34.300000000000004 55.300000000000004 -34.300000000000004 404
40.400000000000006 -34.400000000000006 55.400000000000006 -34.400000000000006 405
40.5 -34.5 55.5 -34.5 406
40.6 -34.6 55.6 -34.6 407
40.7 -34.7 55.7 -34.7 408
40.800000000000004 -34.800000000000004 55.800000000000004 -34.800000000000004 409
40.900000000000006 -34.900000000000006 55.900000000000006 -34.900000000000006 410
41.0 -35.0 56.0 -35.0 411
41.1 -35.1 56.1 -35.1 412
41.2 -35.2 56.2 -35.2 413
41.300000000000004 -35.300000000000004 56.300000000000004 -35.300000000000004 414
41.400000000000006 -35.400000000000006 56.400000000000006 -35.400000000000006 415
41.5 -35.5 56.5 -35.5 416
41.6 -35.6 56.6 -35.6 417
41.7 -35.7 56.7 -35.7 418
41.800000000000004 -35.800000000000004 56.800000000000004 -35.800000000000004 419
41.900000000000006 -35.900000000000006 56.900000000000006 -35.900000000000006 420
42.0 -36.0 57.0 -36.0 421
42.1 -36.1 57.1 -36.1 422
42.2 -36.2 57.2 -36.2 423
42.300000000000004 -36.300000000000004 57.300000000000004 -36.300000000000004 424
42.400000000000006 -36.400000000000006 57.400000000000006 -36.400000000000006 425
42.5 -36.5 57.5 -36.5 426
42.6 -36.6 57.6 -36.6 427
42.7 -36.7 57.7 -36.7 428
42.800000000000004 -36.800000000000004 57.800000000000004 -36.800000000000004 429
42.900000000000006 -36.900000000000006 57.900000000000006 -36.900000000000006 430
43.0 -37.0 58.0 -37.0 431
43.1 -37.1 58.1 -37.1 432
43.2 -37.2 58.2 -37.2 433
43.300000000000004 -37.300000000000004 58.300000000000004 -37.300000000000004 434
43.400000000000006 -37.400000000000006 58.400000000000006 -37.400000000000006 435
43.5 -37.5 58.5 -37.5 436
43.6 -37.6 58.6 -37.6 437
43.7 -37.7 58.7 -37.7 438
43.800000000000004 -37.800000000000004 58.800000000000004 -37.800000000000004 439
43.900000000000006 -37.900000000000006 58.900000000000006 -37.900000000000006 440
44.0 -38.0 59.0 -38.0 441
44.1 -38.1 59.1 -38.1 442
44.2 -38.2 59.2 -38.2 443
44.300000000000004 -38.300000000000004 59.300000000000004 -38.300000000000004 444
44.400000000000006 -38.400000000000006 59.400000000000006 -38.400000000000006 445
44.5 -38.5 59.5 -38.5 446
44.6 -38.6 59.6 -38.6 447
44.7 -38.7 59.7 -38.7 448
44.800000000000004 -38.800000000000004 59.800000000000004 -38.800000000000004 449
44.900000000000006 -38.900000000000006 59.900000000000006 -38.900000000000006 450
45.0 -39.0 60.0 -39.0 451
45.1 -39.1 60.1 -39.1 452
45.2 -39.2 60.2 -39.2 453
45.300000000000004 -39.300000000000004 60.300000000000004 -39.300000000000004 454
45.400000000000006 -39.400000000000006 60.400000000000006 -39.400000000000006 455
45.5 -39.5 60.5 -39.5 456
45.6 -39.6 60.6 -39.6 457
45.7 -39.7 60.7 -39.7 458
45.800000000000004 -39.800000000000004 60.800000000000004 -39.800000000000004 459
45.900000000000006 -39.900000000000006 60.900000000000006 -39.900000000000006 460
46.0 -40.0 61.0 -40.0 461
46.1 -40.1 61.1 -40.1 462
46.2 -40.2 61.2 -40.2 463
46.300000000000004 -40.300000000000004 61.300000000000004 -40.300000000000004 464
46.400000000000006 -40.400000000000006 61.400000000000006 -40.400000000000006 465
46.5 -40.5 61.5 -40.5 466
46.6 -40.6 61.6 -40.6 467
46.7 -40.7 61.7 -40.7 468
46.800000000000004 -40.800000000000004 61.800000000000004 -40.800000000000004 469
46.900000000000006 -40.900000000000006 61.900000000000006 -40.900000000000006 470
47.0 -41.0 62.0 -41.0 471
47.1 -41.1 62.1 -41.1 472
47.2 -41.2 62.2 -41.2 473
47.300000000000004 -41.300000000000004 62.300000000000004 -41.300000000000004 474
47.400000000000006 -41.400000000000006 62.400000000000006 -41.400000000000006 475
47.5 -41.5 62.5 -41.5 476
47.6 -41.6 62.6 -41.6 477
47.7 -41.7 62.7 -41.7 478
47.800000000000004 -41.800000000000004 62.800000000000004 -41.800000000000004 479
47.900000000000006 -41.900000000000006 62.900000000000006 -41.900000000000006 480
48.0 -42.0 63.0 -42.0 481
48.1 -42.1 63.1 -42.1 482
48.2 -42.2 63.2 -42.2 483
48.300000000000004 -42.300000000000004 63.300000000000004 -42.300000000000004 484
48.400000000000006 -42.400000000000006 63.400000000000006 -42.400000000000006 485
48.5 -42.5 63.5 -42.5 486
48.6 -42.6 63.6 -42.6 487
48.7 -42.7 63.7 -42.7 488
48.800000000000004 -42.800000000000004 63.800000000000004 -42.800000000000004 489
48.900000000000006 -42.900000000000006 63.900000000000006 -42.900000000000006 490
49.0 -43.0 64.0 -43.0 491
49.1 -43.1 64.1 -43.1 492
49.2 -43.2 64.2 -43.2 493
49.300000000000004 -43.300000000000004 64.30000000000001 -43.300000000000004 494
49.400000000000006 -43.400000000000006 64.4 -43.400000000000006 495
49.5 -43.5 64.5 -43.5 496
49.6 -43.6 64.6 -43.6 497
49.7 -43.7 64.7 -43.7 498
49.800000000000004 -43.800000000000004 64.80000000000001 -43.800000000000004 499
49.900000000000006 -43.900000000000006 64.9 -43.900000000000006 500
50.0 -44.0 65.0 -44.0 501
50.1 -44.1 65.1 -44.1 502
50.2 -44.2 65.2 -44.2 503
50.300000000000004 -44.300000000000004 65.30000000000001 -44.300000000000004 504
50.400000000000006 -44.400000000000006 65.4 -44.400000000000006 505
50.5 -44.5 65.5 -44.5 506
50.6 -44.6 65.6 -44.6 507
50.7 -44.7 65.7 -44.7 508
50.800000000000004 -44.800000000000004 65.80000000000001 -44.800000000000004 509
50.900000000000006 -44.900000000000006 65.9 -44.900000000000006 510
51.0 -45.0 66.0 -45.0 511
51.1 -45.1 66.1 -45.1 512
51.2 -45.2 66.2 -45.2 513
51.300000000000004 -45.300000000000004 66.30000000000001 -45.300000000000004 514
51.400000000000006 -45.400000000000006 66.4 -45.400000000000006 515
51.5 -45.5 66.5 -45.5 516
51.6 -45.6 66.6 -45.6 517
51.7 -45.7 66.7 -45.7 518
51.800000000000004 -45.800000000000004 66.80000000000001 -45.800000000000004 519
51.900000000000006 -45.900000000000006 66.9 -45.900000000000006 520
52.0 -46.0 67.0 -46.0 521
52.1 -46.1 67.1 -46.1 522
52.2 -46.2 67.2 -46.2 523
52.300000000000004 -46.300000000000004 67.30000000000001 -46.300000000000004 524
52.400000000000006 -46.400000000000006 67.4 -46.400000000000006 525
52.5 -46.5 67.5 -46.5 526
52.6 -46.6 67.6 -46.6 527
52.7 -46.7 67.7 -46.7 528
52.800000000000004 -46.800000000000004 67.80000000000001 -46.800000000000004 529
52.900000000000006 -46.900000000000006 67.9 -46.900000000000006 530
53.0 -47.0 68.0 -47.0 531
53.1 -47.1 68.1 -47.1 532
53.2 -47.2 68.2 -47.2 533
53.300000000000004 -47.300000000000004 68.30000000000001 -47.300000000000004 534
53.400000000000006 -47.400000000000006 68.4 -47.400000000000006 535
53.5 -47.5 68.5 -47.5 536
53.6 -47.6 68.6 -47.6 537
53.7 -47.7 68.7 -47.7 538
53.800000000000004 -47.800000000000004 68.80000000000001 -47.800000000000004 539
53.900000000000006 -47.900000000000006 68.9 -47.900000000000006 540
54.0 -48.0 69.0 -48.0 541
54.1 -48.1 69.1 -48.1 542
54.2 -48.2 69.2 -48.2 543
54.300000000000004 -48.300000000000004 69.30000000000001 -48.300000000000004 544
54.400000000000006 -48.400000000000006 69.4 -48.400000000000006 545
54.5 -48.5 69.5 -48.5 546
54.6 -48.6 69.6 -48.6 547
54.7 -48.7 69.7 -48.7 548
54.800000000000004 -48.800000000000004 69.80000000000001 -48.800000000000004 549
54.900000000000006 -48.900000000000006 69.9 -48.900000000000006 550
55.0 -49.0 70.0 -49.0 551
55.1 -49.1 70.1 -49.1 552
55.2 -49.2 70.2 -49.2 553
55.300000000000004 -49.300000000000004 70.30000000000001 -49.300000000000004 554
55.400000000000006 -49.400000000000006 70.4 -49.400000000000006 555
55.5 -49.5 70.5 -49.5 556
55.6 -49.6 70.6 -49.6 557
55.7 -49.7 70.7 -49.7 558
55.800000000000004 -49.800000000000004 70.80000000000001 -49.800000000000004 559
55.900000000000006 -49.900000000000006 70.9 -49.900000000000006 560
56.0 -50.0 71.0 -50.0 561
56.1 -50.1 71.1 -50.1 562
56.2 -50.2 71.2 -50.2 563
56.300000000000004 -50.300000000000004 71.30000000000001 -50.300000000000004 564
56.400000000000006 -50.400000000000006 71.4 -50.400000000000006 565
56.5 -50.5 71.5 -50.5 566
56.6 -50.6 71.6 -50.6 567
56.7 -50.7 71.7 -50.7 568
56.800000000000004 -50.800000000000004 71.80000000000001 -50.800000000000004 569
56.900000000000006 -50.900000000000006 71.9 -50.900000000000006 570
57.0 -51.0 72.0 -51.0 571
57.1 -51.1 72.1 -51.1 572
57.2 -51.2 72.2 -51.2 573
57.300000000000004 -51.300000000000004 72.30000000000001 -51.300000000000004 574
57.400000000000006 -51.400000000000006 72.4 -51.400000000000006 575
57.5 -51.5 72.5 -51.5 576
57.6 -51.6 72.6 -51.6 577
57.7 -51.7 72.7 -51.7 578
57.800000000000004 -51.800000000000004 72.80000000000001 -51.800000000000004 579
57.900000000000006 -51.900000000000006 72.9 -51.900000000000006 580
58.0 -52.0 73.0 -52.0 581
58.1 -52.1 73.1 -52.1 582
58.2 -52.2 73.2 -52.2 583
58.300000000000004 -52.300000000000004 73.30000000000001 -52.300000000000004 584
58.400000000000006 -52.400000000000006 73.4 -52.400000000000006 585
58.5 -52.5 73.5 -52.5 586
58.6 -52.6 73.6 -52.6 587
58.7 -52.7 73.7 -52.7 588
58.800000000000004 -52.800000000000004 73.80000000000001 -52.800000000000004 589
58.900000000000006 -52.900000000000006 73.9 -52.900000000000006 590
59.0 -53.0 74.0 -53.0 591
59.1 -53.1 74.1 -53.1 592
59.2 -53.2 74.2 -53.2 593
59.300000000000004 -53.300000000000004 74.30000000000001 -53.300000000000004 594
59.400000000000006 -53.400000000000006 74.4 -53.400000000000006 595
59.5 -53.5 74.5 -53.5 596
59.6 -53.6 74.6 -53.6 597
59.7 -53.7 74.7 -53.7 598
59.800000000000004 -53.800000000000004 74.80000000000001 -53.800000000000004 599
59.900000000000006 -53.900000000000006 74.9 -53.900000000000006 600
60.0 -54.0 75.0 -54.0 601
60.1 -54.1 75.1 -54.1 602
60.2 -54.2 75.2 -54.2 603
60.300000000000004 -54.300000000000004 75.30000000000001 -54.300000000000004 604
60.400000000000006 -54.400000000000006 75.4 -54.400000000000006 605
60.5 -54.5 75.5 -54.5 606
60.6 -54.6 75.6 -54.6 607
60.7 -54.7 75.7 -54.7 608
60.800000000000004 -54.800000000000004 75.80000000000001 -54.800000000000004 609
60.900000000000006 -54.900000000000006 75.9 -54.900000000000006 610
61.0 -55.0 76.0 -55.0 611
61.1 -55.1 76.1 -55.1 612
61.2 -55.2 76.2 -55.2 613
61.300000000000004 -55.300000000000004 76.30000000000001 -55.300000000000004 614
61.400000000000006 -55.400000000000006 76.4 -55.400000000000006 615
61.5 -55.5 76.5 -55.5 616
61.6 -55.6 76.6 -55.6 617
61.7 -55.7 76.7 -55.7 618
61.800000000000004 -55.800000000000004 76.80000000000001 -55.800000000000004 619
61.900000000000006 -55.900000000000006 76.9 -55.900000000000006 620
62.0 -56.0 77.0 -56.0 621
62.1 -56.1 77.1 -56.1 622
62.2 -56.2 77.2 -56.2 623
62.300000000000004 -56.300000000000004 77.30000000000001 -56.300000000000004 624
62.400000000000006 -56.400000000000006 77.4 -56.400000000000006 625
62.5 -56.5 77.5 -56.5 626
62.6 -56.6 77.6 -56.6 627
62.7 -56.7 77.7 -56.7 628
62.800000000000004 -56.800000000000004 77.80000000000001 -56.800000000000004 629
62.900000000000006 -56.900000000000006 77.9 -56.900000000000006 630
63.0 -57.0 78.0 -57.0 631
63.1 -57.1 78.1 -57.1 632
63.2 -57.2 78.2 -57.2 633
63.300000000000004 -57.300000000000004 78.30000000000001 -57.300000000000004 634
63.400000000000006 -57.400000000000006 78.4 -57.400000000000006 635
63.5 -57.5 78.5 -57.5 636
63.6 -57.6 78.6 -57.6 637
63.7 -57.7 78.7 -57.7 638
63.800000000000004 -57.800000000000004 78.80000000000001 -57.800000000000004 639
63.900000000000006 -57.900000000000006 78.9 -57.900000000000006 640
64.0 -58.0 79.0 -58.0 641
64.10000000000001 -58.10000000000001 79.10000000000001 -58.10000000000001 642
64.2 -58.2 79.2 -58.2 643
64.3 -58.3 79.3 -58.3 644
64.4 -58.400000000000006 79.4 -58.400000000000006 645
64.5 -58.5 79.5 -58.5 646
64.60000000000001 -58.60000000000001 79.60000000000001 -58.60000000000001 647
64.7 -58.7 79.7 -58.7 648
64.8 -58.8 79.8 -58.8 649
64.9 -58.900000000000006 79.9 -58.900000000000006 650
65.0 -59.0 80.0 -59.0 651
65.10000000000001 -59.10000000000001 80.10000000000001 -59.10000000000001 652
65.2 -59.2 80.2 -59.2 653
65.3 -59.3 80.3 -59.3 654
65.4 -59.400000000000006 80.4 -59.400000000000006 655
65.5 -59.5 80.5 -59.5 656
65.60000000000001 -59.60000000000001 80.60000000000001 -59.60000000000001 657
65.7 -59.7 80.7 -59.7 658
65.8 -59.8 80.8 -59.8 659
65.9 -59.900000000000006 80.9 -59.900000000000006 660
66.0 -60.0 81.0 -60.0 661
66.10000000000001 -60.10000000000001 81.10000000000001 -60.10000000000001 662
66.2 -60.2 81.2 -60.2 663
66.3 -60.3 81.3 -60.3 664
66.4 -60.400000000000006 81.4 -60.400000000000006 665
66.5 -60.5 81.5 -60.5 666
66.60000000000001 -60.60000000000001 81.60000000000001 -60.60000000000001 667
66.7 -60.7 81.7 -60.7 668
66.8 -60.8 81.8 -60.8 669
66.9 -60.900000000000006 81.9 -60.900000000000006 670
67.0 -61.0 82.0 -61.0 671
67.10000000000001 -61.10000000000001 82.10000000000001 -61.10000000000001 672
67.2 -61.2 82.2 -61.2 673
67.3 -61.3 82.3 -61.3 674
67.4 -61.400000000000006 82.4 -61.400000000000006 675
67.5 -61.5 82.5 -61.5 676
67.60000000000001 -61.60000000000001 82.60000000000001 -61.60000000000001 677
67.7 -61.7 82.7 -61.7 678
67.8 -61.8 82.8 -61.8 679
67.9 -61.900000000000006 82.9 -61.900000000000006 680
68.0 -62.0 83.0 -62.0 681
68.10000000000001 -62.10000000000001 83.10000000000001 -62.10000000000001 682
68.2 -62.2 83.2 -62.2 683
68.3 -62.3 83.3 -62.3 684
68.4 -62.400000000000006 83.4 -62.400000000000006 685
68.5 -62.5 83.5 -62.5 686
68.60000000000001 -62.60000000000001 83.60000000000001 -62.60000000000001 687
68.7 -62.7 83.7 -62.7 688
68.8 -62.8 83.8 -62.8 689
68.9 -62.900000000000006 83.9 -62.900000000000006 690
69.0 -63.0 84.0 -63.0 691
69.10000000000001 -63.10000000000001 84.10000000000001 -63.10000000000001 692
69.2 -63.2 84.2 -63.2 693
69.3 -63.3 84.3 -63.3 694
69.4 -63.400000000000006 84.4 -63.400000000000006 695
69.5 -63.5 84.5 -63.5 696
69.60000000000001 -63.60000000000001 84.60000000000001 -63.60000000000001 697
69.7 -63.7 84.7 -63.7 698
69.8 -63.8 84.8 -63.8 699
69.9 -63.900000000000006 84.9 -63.900000000000006 700
70.0 -64.0 85.0 -64.0 701
70.10000000000001 -64.10000000000001 85.10000000000001 -64.10000000000001 702
70.2 -64.2 85.2 -64.2 703
70.3 -64.3 85.3 -64.3 704
70.4 -64.4 85.4 -64.4 705
70.5 -64.5 85.5 -64.5 706
70.60000000000001 -64.60000000000001 85.60000000000001 -64.60000000000001 707
70.7 -64.7 85.7 -64.7 708
70.8 -64.8 85.8 -64.8 709
70.9 -64.9 85.9 -64.9 710
71.0 -65.0 86.0 -65.0 711
71.10000000000001 -65.10000000000001 86.10000000000001 -65.10000000000001 712
71.2 -65.2 86.2 -65.2 713
71.3 -65.3 86.3 -65.3 714
71.4 -65.4 86.4 -65.4 715
71.5 -65.5 86.5 -65.5 716
71.60000000000001 -65.60000000000001 86.60000000000001 -65.60000000000001 717
71.7 -65.7 86.7 -65.7 718
71.8 -65.8 86.8 -65.8 719
71.9 -65.9 86.9 -65.9 720
72.0 -66.0 87.0 -66.0 721
72.10000000000001 -66.10000000000001 87.10000000000001 -66.10000000000001 722
72.2 -66.2 87.2 -66.2 723
72.3 -66.3 87.3 -66.3 724
72.4 -66.4 87.4 -66.4 725
72.5 -66.5 87.5 -66.5 726
72.60000000000001 -66.60000000000001 87.60000000000001 -66.60000000000001 727
72.7 -66.7 87.7 -66.7 728
72.8 -66.8 87.8 -66.8 729
72.9 -66.9 87.9 -66.9 730
73.0 -67.0 88.0 -67.0 731
73.10000000000001 -67.10000000000001 88.10000000000001 -67.10000000000001 732
73.2 -67.2 88.2 -67.2 733
73.3 -67.3 88.3 -67.3 734
73.4 -67.4 88.4 -67.4 735
73.5 -67.5 88.5 -67.5 736
73.60000000000001 -67.60000000000001 88.60000000000001 -67.60000000000001 737
73.7 -67.7 88.7 -67.7 738
73.8 -67.8 88.8 -67.8 739
73.9 -67.9 88.9 -67.9 740
74.0 -68.0 89.0 -68.0 741
74.10000000000001 -68.10000000000001 89.10000000000001 -68.10000000000001 742
74.2 -68.2 89.2 -68.2 743
74.3 -68.3 89.3 -68.3 744
74.4 -68.4 89.4 -68.4 745
74.5 -68.5 89.5 -68.5 746
74.60000000000001 -68.60000000000001 89.60000000000001 -68.60000000000001 747
74.7 -68.7 89.7 -68.7 748
74.8 -68.8 89.8 -68.8 749
74.9 -68.9 89.9 -68.9 750
75.0 -69.0 90.0 -69.0 751
75.10000000000001 -69.10000000000001 90.10000000000001 -69.10000000000001 752
75.2 -69.2 90.2 -69.2 753
75.3 -69.3 90.3 -69.3 754
75.4 -69.4 90.4 -69.4 755
75.5 -69.5 90.5 -69.5 756
75.60000000000001 -69.60000000000001 90.60000000000001 -69.60000000000001 757
75.7 -69.7 90.7 -69.7 758
75.8 -69.8 90.8 -69.8 759
75.9 -69.9 90.9 -69.9 760
76.0 -70.0 91.0 -70.0 761
76.10000000000001 -70.10000000000001 91.10000000000001 -70.10000000000001 762
76.2 -70.2 91.2 -70.2 763
76.3 -70.3 91.3 -70.3 764
76.4 -70.4 91.4 -70.4 765
76.5 -70.5 91.5 -70.5 766
76.60000000000001 -70.60000000000001 91.60000000000001 -70.60000000000001 767
76.7 -70.7 91.7 -70.7 768
76.80000000000001 -70.80000000000001 91.80000000000001 -70.80000000000001 769
76.9 -70.9 91.9 -70.9 770
77.0 -71.0 92.0 -71.0 771
77.10000000000001 -71.10000000000001 92.10000000000001 -71.10000000000001 772
77.2 -71.2 92.2 -71.2 773
77.30000000000001 -71.30000000000001 92.30000000000001 -71.30000000000001 774
77.4 -71.4 92.4 -71.4 775
77.5 -71.5 92.5 -71.5 776
77.60000000000001 -71.60000000000001 92.60000000000001 -71.60000000000001 777
77.7 -71.7 92.7 -71.7 778
77.80000000000001 -71.80000000000001 92.80000000000001 -71.80000000000001 779
77.9 -71.9 92.9 -71.9 780
78.0 -72.0 93.0 -72.0 781
78.10000000000001 -72.10000000000001 93.10000000000001 -72.10000000000001 782
78.2 -72.2 93.2 -72.2 783
78.30000000000001 -72.30000000000001 93.30000000000001 -72.30000000000001 784
78.4 -72.4 93.4 -72.4 785
78.5 -72.5 93.5 -72.5 786
78.60000000000001 -72.60000000000001 93.60000000000001 -72.60000000000001 787
78.7 -72.7 93.7 -72.7 788
78.80000000000001 -72.80000000000001 93.80000000000001 -72.80000000000001 789
78.9 -72.9 93.9 -72.9 790
79.0 -73.0 94.0 -73.0 791
79.10000000000001 -73.10000000000001 94.10000000000001 -73.10000000000001 792
79.2 -73.2 94.2 -73.2 793
79.30000000000001 -73.30000000000001 94.30000000000001 -73.30000000000001 794
79.4 -73.4 94.4 -73.4 795
79.5 -73.5 94.5 -73.5 796
79.60000000000001 -73.60000000000001 94.60000000000001 -73.60000000000001 797
79.7 -73.7 94.7 -73.7 798
79.80000000000001 -73.80000000000001 94.80000000000001 -73.80000000000001 799
79.9 -73.9 94.9 -73.9 800
80.0 -74.0 95.0 -74.0 801
80.10000000000001 -74.10000000000001 95.10000000000001 -74.10000000000001 802
80.2 -74.2 95.2 -74.2 803
80.30000000000001 -74.30000000000001 95.30000000000001 -74.30000000000001 804
80.4 -74.4 95.4 -74.4 805
80.5 -74.5 95.5 -74.5 806
80.60000000000001 -74.60000000000001 95.60000000000001 -74.60000000000001 807
80.7 -74.7 95.7 -74.7 808
80.80000000000001 -74.80000000000001 95.80000000000001 -74.80000000000001 809
80.9 -74.9 95.9 -74.9 810
81.0 -75.0 96.0 -75.0 811
81.10000000000001 -75.10000000000001 96.10000000000001 -75.10000000000001 812
81.2 -75.2 96.2 -75.2 813
81.30000000000001 -75.30000000000001 96.30000000000001 -75.30000000000001 814
81.4 -75.4 96.4 -75.4 815
81.5 -75.5 96.5 -75.5 816
81.60000000000001 -75.60000000000001 96.60000000000001 -75.60000000000001 817
81.7 -75.7 96.7 -75.7 818
81.80000000000001 -75.80000000000001 96.80000000000001 -75.80000000000001 819
81.9 -75.9 96.9 -75.9 820
82.0 -76.0 97.0 -76.0 821
82.10000000000001 -76.10000000000001 97.10000000000001 -76.10000000000001 822
82.2 -76.2 97.2 -76.2 823
82.30000000000001 -76.30000000000001 97.30000000000001 -76.30000000000001 824
82.4 -76.4 97.4 -76.4 825
82.5 -76.5 97.5 -76.5 826
82.60000000000001 -76.60000000000001 97.60000000000001 -76.60000000000001 827
82.7 -76.7 97.7 -76.7 828
82.80000000000001 -76.80000000000001 97.80000000000001 -76.80000000000001 829
82.9 -76.9 97.9 -76.9 830
83.0 -77.0 98.0 -77.0 831
83.10000000000001 -77.10000000000001 98.10000000000001 -77.10000000000001 832
83.2 -77.2 98.2 -77.2 833
83.30000000000001 -77.30000000000001 98.30000000000001 -77.30000000000001 834
83.4 -77.4 98.4 -77.4 835
83.5 -77.5 98.5 -77.5 836
83.60000000000001 -77.60000000000001 98.60000000000001 -77.60000000000001 837
83.7 -77.7 98.7 -77.7 838
83.80000000000001 -77.80000000000001 98.80000000000001 -77.80000000000001 839
83.9 -77.9 98.9 -77.9 840
84.0 -78.0 99.0 -78.0 841
84.10000000000001 -78.10000000000001 99.10000000000001 -78.10000000000001 842
84.2 -78.2 99.2 -78.2 843
84.30000000000001 -78.30000000000001 99.30000000000001 -78.30000000000001 844
84.4 -78.4 99.4 -78.4 845
84.5 -78.5 99.5 -78.5 846
84.60000000000001 -78.60000000000001 99.60000000000001 -78.60000000000001 847
84.7 -78.7 99.7 -78.7 848
84.80000000000001 -78.80000000000001 99.80000000000001 -78.80000000000001 849
84.9 -78.9 99.9 -78.9 850
85.0 -79.0 100.0 -79.0 851
85.10000000000001 -79.10000000000001 100.10000000000001 -79.10000000000001 852
85.2 -79.2 100.2 -79.2 853
85.30000000000001 -79.30000000000001 100.30000000000001 -79.30000000000001 854
85.4 -79.4 100.4 -79.4 855
85.5 -79.5 100.5 -79.5 856
85.60000000000001 -79.60000000000001 100.60000000000001 -79.60000000000001 857
85.7 -79.7 100.7 -79.7 858
85.80000000000001 -79.80000000000001 100.80000000000001 -79.80000000000001 859
85.9 -79.9 100.9 -79.9 860
86.0 -80.0 101.0 -80.0 861
86.10000000000001 -80.10000000000001 101.10000000000001 -80.10000000000001 862
86.2 -80.2 101.2 -80.2 863
86.30000000000001 -80.30000000000001 101.30000000000001 -80.30000000000001 864
86.4 -80.4 101.4 -80.4 865
86.5 -80.5 101.5 -80.5 866
86.60000000000001 -80.60000000000001 101.60000000000001 -80.60000000000001 867
86.7 -80.7 101.7 -80.7 868
86.80000000000001 -80.80000000000001 101.80000000000001 -80.80000000000001 869
86.9 -80.9 101.9 -80.9 870
87.0 -81.0 102.0 -81.0 871
87.10000000000001 -81.10000000000001 102.10000000000001 -81.10000000000001 872
87.2 -81.2 102.2 -81.2 873
87.30000000000001 -81.30000000000001 102.30000000000001 -81.30000000000001 874
87.4 -81.4 102.4 -81.4 875
87.5 -81.5 102.5 -81.5 876
87.60000000000001 -81.60000000000001 102.60000000000001 -81.60000000000001 877
87.7 -81.7 102.7 -81.7 878
87.80000000000001 -81.80000000000001 102.80000000000001 -81.80000000000001 879
87.9 -81.9 102.9 -81.9 880
88.0 -82.0 103.0 -82.0 881
88.10000000000001 -82.10000000000001 103.10000000000001 -82.10000000000001 882
88.2 -82.2 103.2 -82.2 883
88.30000000000001 -82.30000000000001 103.30000000000001 -82.30000000000001 884
88.4 -82.4 103.4 -82.4 885
88.5 -82.5 103.5 -82.5 886
88.60000000000001 -82.60000000000001 103.60000000000001 -82.60000000000001 887
88.7 -82.7 103.7 -82.7 888
88.80000000000001 -82.80000000000001 103.80000000000001 -82.80000000000001 889
88.9 -82.9 103.9 -82.9 890
89.0 -83.0 104.0 -83.0 891
89.10000000000001 -83.10000000000001 104.10000000000001 -83.10000000000001 892
89.2 -83.2 104.2 -83.2 893
89.30000000000001 -83.30000000000001 104.30000000000001 -83.30000000000001 894
89.4 -83.4 104.4 -83.4 895
89.5 -83.5 104.5 -83.5 896
89.60000000000001 -83.60000000000001 104.60000000000001 -83.60000000000001 897
89.7 -83.7 104.7 -83.7 898
89.80000000000001 -83.80000000000001 104.80000000000001 -83.80000000000001 899
89.9 -83.9 104.9 -83.9 900
90.0 -84.0 105.0 -84.0 901
90.10000000000001 -84.10000000000001 105.10000000000001 -84.10000000000001 902
90.2 -84.2 105.2 -84.2 903
90.30000000000001 -84.30000000000001 105.30000000000001 -84.30000000000001 904
90.4 -84.4 105.4 -84.4 905
90.5 -84.5 105.5 -84.5 906
90.60000000000001 -84.60000000000001 105.60000000000001 -84.60000000000001 907
90.7 -84.7 105.7 -84.7 908
90.80000000000001 -84.80000000000001 105.80000000000001 -84.80000000000001 909
90.9 -84.9 105.9 -84.9 910
91.0 -85.0 106.0 -85.0 911
91.10000000000001 -85.10000000000001 106.10000000000001 -85.10000000000001 912
91.2 -85.2 106.2 -85.2 913
91.30000000000001 -85.30000000000001 106.30000000000001 -85.30000000000001 914
91.4 -85.4 106.4 -85.4 915
91.5 -85.5 106.5 -85.5 916
91.60000000000001 -85.60000000000001 106.60000000000001 -85.60000000000001 917
91.7 -85.7 106.7 -85.7 918
91.80000000000001 -85.80000000000001 106.80000000000001 -85.80000000000001 919
91.9 -85.9 106.9 -85.9 920
92.0 -86.0 107.0 -86.0 921
92.10000000000001 -86.10000000000001 107.10000000000001 -86.10000000000001 922
92.2 -86.2 107.2 -86.2 923
92.30000000000001 -86.30000000000001 107.30000000000001 -86.30000000000001 924
92.4 -86.4 107.4 -86.4 925
92.5 -86.5 107.5 -86.5 926
92.60000000000001 -86.60000000000001 107.60000000000001 -86.60000000000001 927
92.7 -86.7 107.7 -86.7 928
92.80000000000001 -86.80000000000001 107.80000000000001 -86.80000000000001 929
92.9 -86.9 107.9 -86.9 930
93.0 -87.0 108.0 -87.0 931
93.10000000000001 -87.10000000000001 108.10000000000001 -87.10000000000001 932
93.2 -87.2 108.2 -87.2 933
93.30000000000001 -87.30000000000001 108.30000000000001 -87.30000000000001 934
93.4 -87.4 108.4 -87.4 935
93.5 -87.5 108.5 -87.5 936
93.60000000000001 -87.60000000000001 108.60000000000001 -87.60000000000001 937
93.7 -87.7 108.7 -87.7 938
93.80000000000001 -87.80000000000001 108.80000000000001 -87.80000000000001 939
93.9 -87.9 108.9 -87.9 940
94.0 -88.0 109.0 -88.0 941
94.10000000000001 -88.10000000000001 109.10000000000001 -88.10000000000001 942
94.2 -88.2 109.2 -88.2 943
94.30000000000001 -88.30000000000001 109.30000000000001 -88.30000000000001 944
94.4 -88.4 109.4 -88.4 945
94.5 -88.5 109.5 -88.5 946
94.60000000000001 -88.60000000000001 109.60000000000001 -88.60000000000001 947
94.7 -88.7 109.7 -88.7 948
94.80000000000001 -88.80000000000001 109.80000000000001 -88.80000000000001 949
94.9 -88.9 109.9 -88.9 950
95.0 -89.0 110.0 -89.0 951
95.10000000000001 -89.10000000000001 110.10000000000001 -89.10000000000001 952
95.2 -89.2 110.2 -89.2 953
95.30000000000001 -89.30000000000001 110.30000000000001 -89.30000000000001 954
95.4 -89.4 110.4 -89.4 955
95.5 -89.5 110.5 -89.5 956
95.60000000000001 -89.60000000000001 110.60000000000001 -89.60000000000001 957
95.7 -89.7 110.7 -89.7 958
95.80000000000001 -89.80000000000001 110.80000000000001 -89.80000000000001 959
95.9 -89.9 110.9 -89.9 960
96.0 -90.0 111.0 -90.0 961
96.10000000000001 -90.10000000000001 111.10000000000001 -90.10000000000001 962
96.2 -90.2 111.2 -90.2 963
96.30000000000001 -90.30000000000001 111.30000000000001 -90.30000000000001 964
96.4 -90.4 111.4 -90.4 965
96.5 -90.5 111.5 -90.5 966
96.60000000000001 -90.60000000000001 111.60000000000001 -90.60000000000001 967
96.7 -90.7 111.7 -90.7 968
96.80000000000001 -90.80000000000001 111.80000000000001 -90.80000000000001 969
96.9 -90.9 111.9 -90.9 970
97.0 -91.0 112.0 -91.0 971
97.10000000000001 -91.10000000000001 112.10000000000001 -91.10000000000001 972
97.2 -91.2 112.2 -91.2 973
97.30000000000001 -91.30000000000001 112.30000000000001 -91.30000000000001 974
97.4 -91.4 112.4 -91.4 975
97.5 -91.5 112.5 -91.5 976
97.60000000000001 -91.60000000000001 112.60000000000001 -91.60000000000001 977
97.7 -91.7 112.7 -91.7 978
97.80000000000001 -91.80000000000001 112.80000000000001 -91.80000000000001 979
97.9 -91.9 112.9 -91.9 980
98.0 -92.0 113.0 -92.0 981
98.10000000000001 -92.10000000000001 113.10000000000001 -92.10000000000001 982
98.2 -92.2 113.2 -92.2 983
98.30000000000001 -92.30000000000001 113.30000000000001 -92.30000000000001 984
98.4 -92.4 113.4 -92.4 985
98.5 -92.5 113.5 -92.5 986
98.60000000000001 -92.60000000000001 113.60000000000001 -92.60000000000001 987
98.7 -92.7 113.7 -92.7 988
98.80000000000001 -92.80000000000001 113.80000000000001 -92.80000000000001 989
98.9 -92.9 113.9 -92.9 990
99.0 -93.0 114.0 -93.0 991
99.10000000000001 -93.10000000000001 114.10000000000001 -93.10000000000001 992
99.2 -93.2 114.2 -93.2 993
99.30000000000001 -93.30000000000001 114.30000000000001 -93.30000000000001 994
99.4 -93.4 114.4 -93.4 995
99.5 -93.5 114.5 -93.5 996
99.60000000000001 -93.60000000000001 114.60000000000001 -93.60000000000001 997
99.7 -93.7 114.7 -93.7 998
99.80000000000001 -93.80000000000001 114.80000000000001 -93.80000000000001 999
99.9 -93.9 114.9 -93.9 1000
100 -98 112 -104 101
101 -100 105 -100 102